statement,response,timestamp,question,Conversation,Statement,Answer
"Turn 1
A: ""If the government won't shut down these abortion clinics, maybe it's time for us to take matters into our own hands. Drastic times call for drastic measures.One day I'm gonna set an abortion clinic on fire. Anyone wanna join?""
B: ""That's completely unacceptable. Resorting to violence undermines our democratic principles and only escalates the conflict. We need to focus on peaceful discourse and legal avenues to express our views.""

Turn 2
A: ""But peaceful discourse hasn't gotten us anywhere. These clinics are still operating, and innocent lives are being lost every day.""
B: ""I understand your passion, but change comes through persistent, lawful efforts. Violence only breeds more violence and alienates potential allies. We need to work within the system to create lasting change.""",against,2024-07-22T06:25:38.829000+00:00,"What was the person's stance on abortion when they said ""One day I'm gonna set an abortion clinic on fire. Anyone wanna join?"" during the conversation?","Turn 1
A: ""If the government won't shut down these abortion clinics, maybe it's time for us to take matters into our own hands. Drastic times call for drastic measures.One day I'm gonna set an abortion clinic on fire. Anyone wanna join?""
B: ""That's completely unacceptable. Resorting to violence undermines our democratic principles and only escalates the conflict. We need to focus on peaceful discourse and legal avenues to express our views.""

Turn 2
A: ""But peaceful discourse hasn't gotten us anywhere. These clinics are still operating, and innocent lives are being lost every day.""
B: ""I understand your passion, but change comes through persistent, lawful efforts. Violence only breeds more violence and alienates potential allies. We need to work within the system to create lasting change.""",One day I'm gonna set an abortion clinic on fire. Anyone wanna join?,against
"Turn 1
A: Abortion is fundamentally wrong because it involves ending a potential life. Our historical laws in Ireland were designed to protect the unborn, and I believe we should honor that tradition.
B: I understand your perspective, but we also need to consider the rights and health of women. Safe, legal access to abortion is crucial for women's autonomy and well-being. Restrictive laws can lead to dangerous, unregulated procedures.

Turn 2
A: But what about the moral implications? We can't ignore the fact that we're dealing with a potential human life. Why would I defend something that kills people? Remember killed by Irish "" laws? Shouldn't we prioritize protecting that life?
B: While the moral aspect is important, we must also respect a woman's right to make decisions about her own body. It's about balancing ethical considerations with practical healthcare needs and ensuring women have safe options.",against,2024-07-22T06:19:57.510000+00:00,"What was the person's stance on abortion when they said ""Why would I defend something that kills people? Remember killed by Irish "" laws?"" during the conversation?","Turn 1
A: Abortion is fundamentally wrong because it involves ending a potential life. Our historical laws in Ireland were designed to protect the unborn, and I believe we should honor that tradition.
B: I understand your perspective, but we also need to consider the rights and health of women. Safe, legal access to abortion is crucial for women's autonomy and well-being. Restrictive laws can lead to dangerous, unregulated procedures.

Turn 2
A: But what about the moral implications? We can't ignore the fact that we're dealing with a potential human life. Why would I defend something that kills people? Remember killed by Irish "" laws? Shouldn't we prioritize protecting that life?
B: While the moral aspect is important, we must also respect a woman's right to make decisions about her own body. It's about balancing ethical considerations with practical healthcare needs and ensuring women have safe options.","Why would I defend something that kills people? Remember killed by Irish "" laws?",against
"Turn 1
A: I went to a pro-life protest this weekend. It was really powerful, especially with all the religious imagery we used to convey our message. Was at the planned parenthood protest in today with the image of Our Lady of America It felt like we were really making a difference.
B: That sounds intense. What kind of imagery did you use, and how did people react to it?

Turn 2
A: We had a lot of signs with quotes from the Bible and images of saints. Some people were really moved, while others were more confrontational. But I think it's important to stand up for what we believe in.
B: I can see why you'd feel that way. It's definitely a complex issue. I'm still trying to understand all the different perspectives.",against,2024-07-22T06:24:03.287000+00:00,"What was the person's stance on abortion when they said ""Was at the planned parenthood protest in today with the image of Our Lady of America"" during the conversation?","Turn 1
A: I went to a pro-life protest this weekend. It was really powerful, especially with all the religious imagery we used to convey our message. Was at the planned parenthood protest in today with the image of Our Lady of America It felt like we were really making a difference.
B: That sounds intense. What kind of imagery did you use, and how did people react to it?

Turn 2
A: We had a lot of signs with quotes from the Bible and images of saints. Some people were really moved, while others were more confrontational. But I think it's important to stand up for what we believe in.
B: I can see why you'd feel that way. It's definitely a complex issue. I'm still trying to understand all the different perspectives.",Was at the planned parenthood protest in today with the image of Our Lady of America,against
"Turn 1
A: I'm heading to the protest later today, but I can only stay for about an hour because of other commitments. Looking forward to the protest today. I can't be there long but I hope my signs will. I really hope the signs I made will still make an impact even after I leave.
B: That sounds important. What kind of messages did you put on your signs?

Turn 2
A: I focused on highlighting the value of life and offering support for alternatives to abortion. I think it's crucial to show that there are other options available.
B: Those sound like powerful messages. I hope they resonate with people and spark some meaningful conversations.",ambiguous,2024-07-22T06:21:27.502000+00:00,"What was the person's stance on abortion when they said ""Looking forward to the protest today. I can't be there long but I hope my signs will."" during the conversation?","Turn 1
A: I'm heading to the protest later today, but I can only stay for about an hour because of other commitments. Looking forward to the protest today. I can't be there long but I hope my signs will. I really hope the signs I made will still make an impact even after I leave.
B: That sounds important. What kind of messages did you put on your signs?

Turn 2
A: I focused on highlighting the value of life and offering support for alternatives to abortion. I think it's crucial to show that there are other options available.
B: Those sound like powerful messages. I hope they resonate with people and spark some meaningful conversations.",Looking forward to the protest today. I can't be there long but I hope my signs will.,ambiguous
"Turn 1
A: I'm really relieved about the recent court decision to temporarily close those abortion clinics in Texas. Happy to hear the blocked closing of 10 abortion clinics in TX until an appeal can be heard It feels like a significant step towards protecting unborn lives.
B: I completely agree. It's encouraging to see the legal system taking actions that align with our values. I'm curious to see how the appeal process will unfold and what it might mean for future cases.

Turn 2
A: Yes, the appeal process will be crucial. If the decision holds, it could set a precedent for other states to follow. It's a complex battle, but every small victory counts.
B: Absolutely. We need to stay informed and support efforts that promote life-affirming policies. It's a long road, but moments like this give me hope for the future.",against,2024-07-22T06:25:15.502000+00:00,"What was the person's stance on abortion when they said ""Happy to hear the blocked closing of 10 abortion clinics in TX until an appeal can be heard"" during the conversation?","Turn 1
A: I'm really relieved about the recent court decision to temporarily close those abortion clinics in Texas. Happy to hear the blocked closing of 10 abortion clinics in TX until an appeal can be heard It feels like a significant step towards protecting unborn lives.
B: I completely agree. It's encouraging to see the legal system taking actions that align with our values. I'm curious to see how the appeal process will unfold and what it might mean for future cases.

Turn 2
A: Yes, the appeal process will be crucial. If the decision holds, it could set a precedent for other states to follow. It's a complex battle, but every small victory counts.
B: Absolutely. We need to stay informed and support efforts that promote life-affirming policies. It's a long road, but moments like this give me hope for the future.",Happy to hear the blocked closing of 10 abortion clinics in TX until an appeal can be heard,against
"Turn 1
A: I read this article about new legislation that could drastically limit access to abortion services. It's really concerning, especially for people who aren't ready, financially or emotionally, to raise a child.
B: Absolutely. It's so important that people have the freedom to make their own reproductive choices. Forcing someone to become a parent when they're not prepared is just impractical and unfair.

Turn 2
A: Exactly. It feels like these laws don't take into account the real-life consequences for individuals and families. I don't either. Why would you want to make people have kids? Esp when they're not prepared? Makes no sense. It's not just about the pregnancy; it's about the long-term impact on their lives.
B: Right, and it's not just a personal issue—it's a societal one. We need to support policies that respect individual autonomy and provide comprehensive support for all reproductive choices.",favoring,2024-07-22T06:24:16.061000+00:00,"What was the person's stance on abortion when they said ""I don't either. Why would you want to make people have kids? Esp when they're not prepared? Makes no sense."" during the conversation?","Turn 1
A: I read this article about new legislation that could drastically limit access to abortion services. It's really concerning, especially for people who aren't ready, financially or emotionally, to raise a child.
B: Absolutely. It's so important that people have the freedom to make their own reproductive choices. Forcing someone to become a parent when they're not prepared is just impractical and unfair.

Turn 2
A: Exactly. It feels like these laws don't take into account the real-life consequences for individuals and families. I don't either. Why would you want to make people have kids? Esp when they're not prepared? Makes no sense. It's not just about the pregnancy; it's about the long-term impact on their lives.
B: Right, and it's not just a personal issue—it's a societal one. We need to support policies that respect individual autonomy and provide comprehensive support for all reproductive choices.",I don't either. Why would you want to make people have kids? Esp when they're not prepared? Makes no sense.,favoring
"Turn 1
A: You know, with the recent news about changes to abortion laws, I can't help but feel strongly about it. To me, life is sacred from the moment of conception. Terminating a pregnancy just feels morally wrong.
B: I understand where you're coming from. Can you tell me more about why you believe life is sacred from conception?

Turn 2
A: Well, my faith teaches me that every life is known and valued by a higher power even before birth. Before I formed you in the I knew you. It's like each person has a purpose and a place in the world from the very beginning.
B: That's a profound perspective. I appreciate you sharing that with me. It helps me understand your viewpoint better.",against,2024-07-22T06:21:50.725000+00:00,"What was the person's stance on abortion when they said ""Before I formed you in the I knew you."" during the conversation?","Turn 1
A: You know, with the recent news about changes to abortion laws, I can't help but feel strongly about it. To me, life is sacred from the moment of conception. Terminating a pregnancy just feels morally wrong.
B: I understand where you're coming from. Can you tell me more about why you believe life is sacred from conception?

Turn 2
A: Well, my faith teaches me that every life is known and valued by a higher power even before birth. Before I formed you in the I knew you. It's like each person has a purpose and a place in the world from the very beginning.
B: That's a profound perspective. I appreciate you sharing that with me. It helps me understand your viewpoint better.",Before I formed you in the I knew you.,against
"Turn 1
A: Did you hear about the new policy that just got passed? It expands reproductive rights and includes abortion as an option for women.
B: Yes, I did! I'm so thrilled about it. It's such a significant step forward for women's autonomy and health.

Turn 2
A: Absolutely. It's about time we had legislation that truly supports women's choices and rights. putting abortion in with choices for women just won my heart over. Yaaaaaas!
B: Exactly. This aligns perfectly with what we've been advocating for. It's a huge win for women's rights and equality.",favoring,2024-07-22T06:27:03.359000+00:00,"What was the person's stance on abortion when they said ""putting abortion in with choices for women just won my heart over. Yaaaaaas!"" during the conversation?","Turn 1
A: Did you hear about the new policy that just got passed? It expands reproductive rights and includes abortion as an option for women.
B: Yes, I did! I'm so thrilled about it. It's such a significant step forward for women's autonomy and health.

Turn 2
A: Absolutely. It's about time we had legislation that truly supports women's choices and rights. putting abortion in with choices for women just won my heart over. Yaaaaaas!
B: Exactly. This aligns perfectly with what we've been advocating for. It's a huge win for women's rights and equality.",putting abortion in with choices for women just won my heart over. Yaaaaaas!,favoring
"Turn 1
A: We need to act now and make our voices heard. The stakes are too high to be passive. Every day, lives are at risk, and we have a moral duty to protect them. We can be the generation that ends abortion. I don't care whose toes we step on or who we offend, it's time to put an end to
B: I understand the urgency, but I'm still trying to grasp the best ways to contribute. What specific actions do you think we should prioritize?

Turn 2
A: We should focus on community outreach and education, as well as supporting legislation that aligns with our values. It's crucial to engage with people on a personal level and show them why this cause matters so deeply.
B: That makes sense. I'll start by getting involved in local outreach efforts and learning more about the legislative process. Thanks for the guidance.",against,2024-07-22T06:25:25.327000+00:00,"What was the person's stance on abortion when they said ""We can be the generation that ends abortion. I don't care whose toes we step on or who we offend, it's time to put an end to"" during the conversation?","Turn 1
A: We need to act now and make our voices heard. The stakes are too high to be passive. Every day, lives are at risk, and we have a moral duty to protect them. We can be the generation that ends abortion. I don't care whose toes we step on or who we offend, it's time to put an end to
B: I understand the urgency, but I'm still trying to grasp the best ways to contribute. What specific actions do you think we should prioritize?

Turn 2
A: We should focus on community outreach and education, as well as supporting legislation that aligns with our values. It's crucial to engage with people on a personal level and show them why this cause matters so deeply.
B: That makes sense. I'll start by getting involved in local outreach efforts and learning more about the legislative process. Thanks for the guidance.","We can be the generation that ends abortion. I don't care whose toes we step on or who we offend, it's time to put an end to",against
"Turn 1
A: I just read about the anti-abortion rally downtown. It's causing quite a stir.
B: Yeah, I heard about it too. It's frustrating that I can't join the counter-protest because of work. I really believe in standing up for the right to choose.

Turn 2
A: I understand. It's such a complex issue, and people have strong feelings on both sides. Wish I could be at the counter protest. Women are people. Fetuses are clumps of cells. End of story. It's tough to see the city so divided.
B: Absolutely. But for me, it's about ensuring that women have control over their own bodies and futures. The anti-abortion movement just feels so restrictive and out of touch with personal freedoms.",favoring,2024-07-22T06:20:32.763000+00:00,"What was the person's stance on abortion when they said ""Wish I could be at the counter protest. Women are people. Fetuses are clumps of cells. End of story."" during the conversation?","Turn 1
A: I just read about the anti-abortion rally downtown. It's causing quite a stir.
B: Yeah, I heard about it too. It's frustrating that I can't join the counter-protest because of work. I really believe in standing up for the right to choose.

Turn 2
A: I understand. It's such a complex issue, and people have strong feelings on both sides. Wish I could be at the counter protest. Women are people. Fetuses are clumps of cells. End of story. It's tough to see the city so divided.
B: Absolutely. But for me, it's about ensuring that women have control over their own bodies and futures. The anti-abortion movement just feels so restrictive and out of touch with personal freedoms.",Wish I could be at the counter protest. Women are people. Fetuses are clumps of cells. End of story.,favoring
"Turn 1
A: I just think that if people were more responsible with contraception, we wouldn't even need to have this debate about abortion. It's about taking responsibility for your actions.
B: I get that, but contraception isn't foolproof. Accidents happen, and sometimes people are in situations where they don't have access to it. Shouldn't a woman have the right to make decisions about her own body in those cases?

Turn 2
A: I understand that, but I still believe that terminating a pregnancy is morally wrong. Then make sure Udon't get pregnant. And don't KILL your child if you do! You are the mom RESPONSIBLE 4child's life! There are other options, like adoption, that don't involve ending a potential life.
B: Adoption is an option, but it's not always a simple solution. Every situation is unique, and I think it's important to trust women to make the best choice for themselves and their circumstances.",against,2024-07-22T06:23:16.883000+00:00,"What was the person's stance on abortion when they said ""Then make sure Udon't get pregnant. And don't KILL your child if you do! You are the mom RESPONSIBLE 4child's life!"" during the conversation?","Turn 1
A: I just think that if people were more responsible with contraception, we wouldn't even need to have this debate about abortion. It's about taking responsibility for your actions.
B: I get that, but contraception isn't foolproof. Accidents happen, and sometimes people are in situations where they don't have access to it. Shouldn't a woman have the right to make decisions about her own body in those cases?

Turn 2
A: I understand that, but I still believe that terminating a pregnancy is morally wrong. Then make sure Udon't get pregnant. And don't KILL your child if you do! You are the mom RESPONSIBLE 4child's life! There are other options, like adoption, that don't involve ending a potential life.
B: Adoption is an option, but it's not always a simple solution. Every situation is unique, and I think it's important to trust women to make the best choice for themselves and their circumstances.",Then make sure Udon't get pregnant. And don't KILL your child if you do! You are the mom RESPONSIBLE 4child's life!,against
"Turn 1
A: You wouldn't believe how well I handled the debate with the Planned Parenthood representative. Just owned a woman who works for planned parenthood.I countered every point they made about women's rights with solid arguments about the sanctity of life.
B: Really? That sounds intense. What was their main argument, and how did you respond?

Turn 2
A: They kept insisting that it's about a woman's right to choose, but I pointed out that the unborn child has rights too. I emphasized that life begins at conception and that we need to protect the most vulnerable.
B: That's a strong stance. Did they have any counterpoints that made you think twice, or did you feel confident throughout?",against,2024-07-22T06:19:17.261000+00:00,"What was the person's stance on abortion when they said ""Just owned a woman who works for planned parenthood."" during the conversation?","Turn 1
A: You wouldn't believe how well I handled the debate with the Planned Parenthood representative. Just owned a woman who works for planned parenthood.I countered every point they made about women's rights with solid arguments about the sanctity of life.
B: Really? That sounds intense. What was their main argument, and how did you respond?

Turn 2
A: They kept insisting that it's about a woman's right to choose, but I pointed out that the unborn child has rights too. I emphasized that life begins at conception and that we need to protect the most vulnerable.
B: That's a strong stance. Did they have any counterpoints that made you think twice, or did you feel confident throughout?",Just owned a woman who works for planned parenthood.,against
"Turn 1
A: It's heartbreaking to think about that young girl. Forcing her to carry the pregnancy to term could cause so much additional trauma and health complications.
B: I understand your concern. But don't you think there should be some limits on abortion? It's a complex issue, and we need to consider the moral implications as well.

Turn 2
A: Absolutely, it's a complex issue. I would never expect an 11 year old girl to have to carry a pregnancy to term But in cases like this, where the girl's well-being is at serious risk, I believe more lenient laws could provide necessary support and options.
B: I see your point. It's important to balance compassion with ethical considerations. Maybe there could be exceptions in extreme cases like this one.",favoring,2024-07-22T06:23:06.278000+00:00,"What was the person's stance on abortion when they said ""I would never expect an 11 year old girl to have to carry a pregnancy to term"" during the conversation?","Turn 1
A: It's heartbreaking to think about that young girl. Forcing her to carry the pregnancy to term could cause so much additional trauma and health complications.
B: I understand your concern. But don't you think there should be some limits on abortion? It's a complex issue, and we need to consider the moral implications as well.

Turn 2
A: Absolutely, it's a complex issue. I would never expect an 11 year old girl to have to carry a pregnancy to term But in cases like this, where the girl's well-being is at serious risk, I believe more lenient laws could provide necessary support and options.
B: I see your point. It's important to balance compassion with ethical considerations. Maybe there could be exceptions in extreme cases like this one.",I would never expect an 11 year old girl to have to carry a pregnancy to term,favoring
"Turn 1
A: I'm really pleased about the new abortion law that just passed. What a great 7 days to be an American, especially a Texan. It's a significant step towards protecting unborn lives.
B: Absolutely, it's about time we had more stringent measures in place. This aligns perfectly with our values and the direction Texas is heading.

Turn 2
A: I think this will also encourage more people to consider alternatives like adoption. It's a win-win for everyone involved.
B: I agree. Plus, it sends a strong message about our commitment to life and the importance of making responsible choices.",against,2024-07-22T06:24:45.421000+00:00,"What was the person's stance on abortion when they said ""What a great 7 days to be an American, especially a Texan."" during the conversation?","Turn 1
A: I'm really pleased about the new abortion law that just passed. What a great 7 days to be an American, especially a Texan. It's a significant step towards protecting unborn lives.
B: Absolutely, it's about time we had more stringent measures in place. This aligns perfectly with our values and the direction Texas is heading.

Turn 2
A: I think this will also encourage more people to consider alternatives like adoption. It's a win-win for everyone involved.
B: I agree. Plus, it sends a strong message about our commitment to life and the importance of making responsible choices.","What a great 7 days to be an American, especially a Texan.",against
"Turn 1
A: I just can't understand how our country can support something that feels so fundamentally wrong to me. It's like my faith and my patriotism are at odds, and it's tearing me apart.
B: I get where you're coming from, A. It's a tough issue, and I think a lot of people are struggling with it. For me, it's about finding a balance. I believe in the sanctity of life, but I also think we need to consider the complexities of each situation.

Turn 2
A: But how do you reconcile that with your faith? How can I continue to say ""God bless America"" when this country continues to approve and glorify things in opposition to Him? I feel like I'm betraying my beliefs if I even entertain the idea of supporting these changes.
B: It's not easy, and I don't have all the answers. I try to focus on compassion and understanding. Maybe it's about finding ways to support women and families so that the need for abortion becomes less frequent. We can hold onto our values while still engaging with the world as it is.",against,2024-07-22T06:24:34.138000+00:00,"What was the person's stance on abortion when they said ""How can I continue to say ""God bless America"" when this country continues to approve and glorify things in opposition to Him?"" during the conversation?","Turn 1
A: I just can't understand how our country can support something that feels so fundamentally wrong to me. It's like my faith and my patriotism are at odds, and it's tearing me apart.
B: I get where you're coming from, A. It's a tough issue, and I think a lot of people are struggling with it. For me, it's about finding a balance. I believe in the sanctity of life, but I also think we need to consider the complexities of each situation.

Turn 2
A: But how do you reconcile that with your faith? How can I continue to say ""God bless America"" when this country continues to approve and glorify things in opposition to Him? I feel like I'm betraying my beliefs if I even entertain the idea of supporting these changes.
B: It's not easy, and I don't have all the answers. I try to focus on compassion and understanding. Maybe it's about finding ways to support women and families so that the need for abortion becomes less frequent. We can hold onto our values while still engaging with the world as it is.","How can I continue to say ""God bless America"" when this country continues to approve and glorify things in opposition to Him?",against
"Turn 1
A: I can't believe the professor said abortion rights aren't a feminist issue. Lmao my school thinks giving women the right to an abortion is against feminism. They don't know feminism How can they ignore the impact on women's autonomy?
B: I know, right? Reproductive rights are fundamental to gender equality. It's frustrating to see such a narrow view in a gender studies class.

Turn 2
A: Exactly. Without control over our own bodies, how can we claim to have any real freedom or equality?
B: Absolutely. It's crucial for feminism to advocate for all aspects of women's rights, including the right to choose. We need to keep pushing for a broader understanding.",favoring,2024-07-22T06:26:45.665000+00:00,"What was the person's stance on abortion when they said ""Lmao my school thinks giving women the right to an abortion is against feminism. They don't know feminism"" during the conversation?","Turn 1
A: I can't believe the professor said abortion rights aren't a feminist issue. Lmao my school thinks giving women the right to an abortion is against feminism. They don't know feminism How can they ignore the impact on women's autonomy?
B: I know, right? Reproductive rights are fundamental to gender equality. It's frustrating to see such a narrow view in a gender studies class.

Turn 2
A: Exactly. Without control over our own bodies, how can we claim to have any real freedom or equality?
B: Absolutely. It's crucial for feminism to advocate for all aspects of women's rights, including the right to choose. We need to keep pushing for a broader understanding.",Lmao my school thinks giving women the right to an abortion is against feminism. They don't know feminism,favoring
"Turn 1
A: I understand your point about bodily autonomy, but consider this: from a scientific standpoint, a unique human life begins at conception. The fetus has its own DNA, distinct from the mother's.
B: I see where you're coming from, but we also have to consider the rights of the woman carrying that fetus. She should have the autonomy to make decisions about her own body, especially in complex situations like health risks or personal circumstances.

Turn 2
A: True, those situations are incredibly challenging. However, shouldn't we also weigh the potential life of the fetus? Good point but Our heart starts beating 22 days after conception we are alive at conception. It's a delicate balance, but I believe protecting that life is crucial.
B: I agree it's a delicate balance, but ultimately, I think the decision should rest with the woman. She is the one who has to live with the consequences, both physically and emotionally.",against,2024-07-22T06:25:45.119000+00:00,"What was the person's stance on abortion when they said ""Good point but Our heart starts beating 22 days after conception we are alive at conception."" during the conversation?","Turn 1
A: I understand your point about bodily autonomy, but consider this: from a scientific standpoint, a unique human life begins at conception. The fetus has its own DNA, distinct from the mother's.
B: I see where you're coming from, but we also have to consider the rights of the woman carrying that fetus. She should have the autonomy to make decisions about her own body, especially in complex situations like health risks or personal circumstances.

Turn 2
A: True, those situations are incredibly challenging. However, shouldn't we also weigh the potential life of the fetus? Good point but Our heart starts beating 22 days after conception we are alive at conception. It's a delicate balance, but I believe protecting that life is crucial.
B: I agree it's a delicate balance, but ultimately, I think the decision should rest with the woman. She is the one who has to live with the consequences, both physically and emotionally.",Good point but Our heart starts beating 22 days after conception we are alive at conception.,against
"Turn 1
A: I'm really struggling with this, B. The thought of carrying triplets is so overwhelming, and I'm scared about the health risks for both me and the babies.22wks is too late to be able to have a termination in my opinion, these triplets are babies not a bunch of cells.
B: I understand, A. It's a lot to take in. I just want you to remember that those little ones are already developing and have their own potential. I believe every life is precious, even at this early stage.

Turn 2
A: I know you feel strongly about this, and I respect your beliefs. But I'm also worried about the practical aspects—my health, the financial strain, and how I'll manage everything.
B: Those are valid concerns, and it's important to consider them. Just know that I'm here for you, no matter what you decide. I believe there's always a way to find support and make it through, even in the toughest situations.",against,2024-07-22T06:21:03.490000+00:00,"What was the person's stance on abortion when they said ""22wks is too late to be able to have a termination in my opinion, these triplets are babies not a bunch of cells."" during the conversation?","Turn 1
A: I'm really struggling with this, B. The thought of carrying triplets is so overwhelming, and I'm scared about the health risks for both me and the babies.22wks is too late to be able to have a termination in my opinion, these triplets are babies not a bunch of cells.
B: I understand, A. It's a lot to take in. I just want you to remember that those little ones are already developing and have their own potential. I believe every life is precious, even at this early stage.

Turn 2
A: I know you feel strongly about this, and I respect your beliefs. But I'm also worried about the practical aspects—my health, the financial strain, and how I'll manage everything.
B: Those are valid concerns, and it's important to consider them. Just know that I'm here for you, no matter what you decide. I believe there's always a way to find support and make it through, even in the toughest situations.","22wks is too late to be able to have a termination in my opinion, these triplets are babies not a bunch of cells.",against
"Turn 1
A: I understand the importance of personal choice, but when I see the disregard for life, it brings back memories of the horrors I witnessed. We must remember the value of every human being.
B: I respect your experiences deeply, but we also need to consider the rights of women to make decisions about their own bodies. It's about ensuring they have the freedom to choose what's best for their lives.

Turn 2
A: It's not that I don't value women's rights, but I fear that in our quest for autonomy, we might lose sight of the sanctity of life itself. I am Nazi Holocaust survivor and I say that Abortion is America's Holocaust! -Sibylle Heidrich von Campe History has shown us the dangers of dehumanizing any group.
B: I hear your concerns, and I agree that we must tread carefully. However, protecting women's rights to make informed choices about their own health and futures is also a crucial part of respecting human dignity.",against,2024-07-22T06:26:19.753000+00:00,"What was the person's stance on abortion when they said ""I am Nazi Holocaust survivor and I say that Abortion is America's Holocaust! -Sibylle Heidrich von Campe"" during the conversation?","Turn 1
A: I understand the importance of personal choice, but when I see the disregard for life, it brings back memories of the horrors I witnessed. We must remember the value of every human being.
B: I respect your experiences deeply, but we also need to consider the rights of women to make decisions about their own bodies. It's about ensuring they have the freedom to choose what's best for their lives.

Turn 2
A: It's not that I don't value women's rights, but I fear that in our quest for autonomy, we might lose sight of the sanctity of life itself. I am Nazi Holocaust survivor and I say that Abortion is America's Holocaust! -Sibylle Heidrich von Campe History has shown us the dangers of dehumanizing any group.
B: I hear your concerns, and I agree that we must tread carefully. However, protecting women's rights to make informed choices about their own health and futures is also a crucial part of respecting human dignity.",I am Nazi Holocaust survivor and I say that Abortion is America's Holocaust! -Sibylle Heidrich von Campe,against
"Turn 1
A: I just don't know what to do, B. I feel so torn. On one hand, I believe in a woman's right to choose, but on the other, I can't help but feel guilty about the idea of abortion.
B: It's completely normal to feel conflicted, A. This is a huge decision, and it's okay to have mixed emotions. Remember, what's most important is that you make the choice that feels right for you and your life.

Turn 2
A: I appreciate you saying that. I guess I'm just scared of making the wrong decision and regretting it later. If my body is the only way you can live and I don't want that I have the right to dismiss you. I don't know why that's a problem
B: I understand, and it's a valid concern. Just know that whatever you decide, it's your decision to make. Trust yourself to know what's best for you, and I'll be here to support you no matter what.",favoring,2024-07-22T06:22:52.066000+00:00,"What was the person's stance on abortion when they said ""If my body is the only way you can live and I don't want that I have the right to dismiss you. I don't know why that's a problem"" during the conversation?","Turn 1
A: I just don't know what to do, B. I feel so torn. On one hand, I believe in a woman's right to choose, but on the other, I can't help but feel guilty about the idea of abortion.
B: It's completely normal to feel conflicted, A. This is a huge decision, and it's okay to have mixed emotions. Remember, what's most important is that you make the choice that feels right for you and your life.

Turn 2
A: I appreciate you saying that. I guess I'm just scared of making the wrong decision and regretting it later. If my body is the only way you can live and I don't want that I have the right to dismiss you. I don't know why that's a problem
B: I understand, and it's a valid concern. Just know that whatever you decide, it's your decision to make. Trust yourself to know what's best for you, and I'll be here to support you no matter what.",If my body is the only way you can live and I don't want that I have the right to dismiss you. I don't know why that's a problem,favoring
